[gd_scene load_steps=4 format=2]

[ext_resource path="res://joyeuse/core/npc_ai/components/vision_colliders.gd" type="Script" id=1]

[sub_resource type="SphereMesh" id=1]
radius = 0.25
height = 0.5

[sub_resource type="SpatialMaterial" id=2]
flags_unshaded = true
albedo_color = Color( 0.666667, 0.780392, 0, 1 )

[node name="Eyes" type="Spatial"]
transform = Transform( -1.2358e-06, 0, 1, 0, 1, 0, -1, 0, -1.2358e-06, -1.05526, 2.01, 0 )
script = ExtResource( 1 )

[node name="RayCast" type="RayCast" parent="."]
transform = Transform( 1, 1.42109e-14, 0, 0, 1, -1.75618e-20, 0, 0, 1, 0, 0, 0 )
enabled = true
cast_to = Vector3( 0, 0, -5 )
collision_mask = 2

[node name="RayCast4" type="RayCast" parent="."]
transform = Transform( 1, 3.19849e-07, 4.21089e-08, -3.19849e-07, 0.965926, 0.258819, 4.21089e-08, -0.258819, 0.965926, 0, 0, 0 )
enabled = true
cast_to = Vector3( 0, 0, -5 )
collision_mask = 2

[node name="RayCast12" type="RayCast" parent="."]
transform = Transform( 1, -6.17903e-07, 1.65566e-07, 6.17903e-07, 0.866025, -0.5, 1.65567e-07, 0.5, 0.866025, 0, 0, 0 )
enabled = true
cast_to = Vector3( 0, 0, -5 )
collision_mask = 2

[node name="RayCast9" type="RayCast" parent="."]
transform = Transform( 1, -3.19849e-07, 4.21089e-08, 3.19849e-07, 0.965926, -0.258819, 4.21089e-08, 0.258819, 0.965926, 0, 0, 0 )
enabled = true
cast_to = Vector3( 0, 0, -5 )
collision_mask = 2

[node name="RayCast2" type="RayCast" parent="."]
transform = Transform( 0.965926, 0, 0.258819, 0, 1, 0, -0.258819, 0, 0.965926, -0.0529401, 0, -1.19209e-07 )
enabled = true
cast_to = Vector3( -2, 0, -4.5 )

[node name="RayCast5" type="RayCast" parent="."]
transform = Transform( 1, 3.19849e-07, 4.21089e-08, -3.19849e-07, 0.965926, 0.258819, 4.21089e-08, -0.258819, 0.965926, -0.0529401, 0, -1.19209e-07 )
enabled = true
cast_to = Vector3( -2, 0, -4.5 )

[node name="RayCast11" type="RayCast" parent="."]
transform = Transform( 1, -6.17903e-07, 1.65566e-07, 6.17903e-07, 0.866025, -0.5, 1.65567e-07, 0.5, 0.866025, -0.0529401, 5.96046e-08, -1.19209e-07 )
enabled = true
cast_to = Vector3( -2, 0, -4.5 )

[node name="RayCast8" type="RayCast" parent="."]
transform = Transform( 1, -3.19849e-07, 4.21089e-08, 3.19849e-07, 0.965926, -0.258819, 4.21089e-08, 0.258819, 0.965926, -0.0529401, 0, -1.19209e-07 )
enabled = true
cast_to = Vector3( -2, 0, -4.5 )

[node name="RayCast3" type="RayCast" parent="."]
transform = Transform( 0.965926, 0, -0.258819, 0, 1, 0, 0.258819, 0, 0.965926, 0.0664887, 0, 1.19209e-07 )
enabled = true
cast_to = Vector3( 2, 0, -4.5 )

[node name="RayCast6" type="RayCast" parent="."]
transform = Transform( 1, 3.19849e-07, 4.21089e-08, -3.19849e-07, 0.965926, 0.258819, 4.21089e-08, -0.258819, 0.965926, 0.0664887, 0, 1.19209e-07 )
enabled = true
cast_to = Vector3( 2, 0, -4.5 )

[node name="RayCast10" type="RayCast" parent="."]
transform = Transform( 1, -6.17903e-07, 1.65566e-07, 6.17903e-07, 0.866025, -0.5, 1.65567e-07, 0.5, 0.866025, 0.0664887, 0, 8.9407e-08 )
enabled = true
cast_to = Vector3( 2, 0, -4.5 )

[node name="RayCast7" type="RayCast" parent="."]
transform = Transform( 1, -3.19849e-07, 4.21089e-08, 3.19849e-07, 0.965926, -0.258819, 4.21089e-08, 0.258819, 0.965926, 0.0664887, 0, 1.19209e-07 )
enabled = true
cast_to = Vector3( 2, 0, -4.5 )

[node name="DebugShapes" type="Spatial" parent="."]

[node name="MeshInstance2" type="MeshInstance" parent="DebugShapes"]
transform = Transform( 1, -4.21089e-08, 3.19849e-07, -3.19849e-07, -0.258819, 0.965926, 4.21089e-08, -0.965926, -0.258819, 0.0680396, -1.29256, -4.88306 )
mesh = SubResource( 1 )
material/0 = SubResource( 2 )

[node name="MeshInstance3" type="MeshInstance" parent="DebugShapes"]
transform = Transform( 1, -1.65566e-07, -6.17903e-07, 6.17903e-07, 0.5, 0.866025, 1.65567e-07, -0.866025, 0.5, 0.068039, 2.53887, -4.36682 )
mesh = SubResource( 1 )
material/0 = SubResource( 2 )

[node name="MeshInstance4" type="MeshInstance" parent="DebugShapes"]
transform = Transform( 1, -4.21089e-08, -3.19849e-07, 3.19849e-07, 0.258819, 0.965926, 4.21089e-08, -0.965926, 0.258819, 0.0680396, 1.32214, -4.87513 )
mesh = SubResource( 1 )
material/0 = SubResource( 2 )
